    0 0.002
    3 0.002
    3     0
    6     0
    6 0.002
    9 0.002
    9     0
   12     0
   12 0.002
   15 0.002
   15     0
   18     0
   18 0.002
   21 0.002
   21     0
   24     0
   24 0.002
   27 0.002
   27     0
   30     0
   30 0.002
   33 0.002
   33     0
   36     0
   36 0.002
   39 0.002
   39     0
   42     0
   42 0.002
   45 0.002
   45     0
   48     0
   48 0.002
   51 0.002
   51     0
   54     0
   54 0.002
   57 0.002
   57     0
   60     0
   60 0.002
   63 0.002
   63     0
   66     0
   66 0.002
   69 0.002
   69     0
   72     0
   72 0.002
   75 0.002
   75     0
   78     0
   78 0.002
   81 0.002
   81     0
   84     0
   84 0.002
   87 0.002
   87     0
   90     0
   90 0.002
   93 0.002
   93     0
   96     0
   96 0.002
   99 0.002
   99     0
  102     0
  102 0.002
  105 0.002
  105     0
  108     0
  108 0.002
  111 0.002
  111     0
  114     0
  114 0.002
  117 0.002
  117     0
  120     0
  120 0.002
  123 0.002
  123     0
  126     0
  126 0.002
  129 0.002
  129     0
  132     0
  132 0.002
  135 0.002
  135     0
  138     0
  138 0.002
  141 0.002
  141     0
  144     0
  144 0.002
  147 0.002
  147     0
  150     0
  150 0.002
  153 0.002
  153     0
  156     0
  156 0.002
  159 0.002
  159     0
  162     0
  162 0.002
  165 0.002
  165     0
  168     0
  168 0.002
  171 0.002
  171     0
  174     0
  174 0.002
  177 0.002
  177     0
  180     0
  180 0.002
  198 0.002
