 0 0.9993696084936963 0 0 0 0 0 
 1 23.774034870960048 0 0 0 0 0 
 2 44.37709946846321 0 0 0 0 0 
 3 63.01562898873941 0 0 0 0 0 
 4 79.87694498540465 0 0 0 0 0 
 5 95.13050760310551 0 0 0 0 0 
 6 108.92961869135854 0 0 0 0 0 
 7 121.41296252376799 0 0 0 0 0 
 8 132.7059996072084 0 0 0 0 0 
 9 142.9156081727231 1 0.043071162198812275 0.0018551250131563955 7.990239034073286E-5 2.13192250384441E-4 
 10 152.1464193233981 1 0.044968243513665865 0.002022142924704352 9.09322154575418E-5 2.423357360018591E-4 
 11 160.49598108892485 1 0.04694634180244067 0.0022039590086315886 1.0346781293778685E-4 2.755644007416083E-4 
 12 168.04822683910155 1 0.0490100344643437 0.0024019834781961575 1.1772129304917784E-4 3.134207792882715E-4 
 13 174.87907768050516 1 0.051163721415348286 0.002617726389067369 1.339326237118485E-4 3.5652838021347274E-4 
 14 181.05720579327738 1 0.053411754598577006 0.002852815529298612 1.5237388296590704E-4 4.0560100307476474E-4 
 15 186.64472486777856 1 0.05575852411850708 0.003109013011874136 1.7335397700733637E-4 4.6145388914087287E-4 
 16 191.69781460101132 1 0.05820851644307252 0.0033882313865034436 1.9722392237422009E-4 5.250167961279283E-4 
 17 196.26728554332982 1 0.06076635473800633 0.0036925498681452244 2.243827951754912E-4 5.973491471089702E-4 
 18 200.39908998217496 1 0.06343682785534573 0.004024231128348767 2.552844573391844E-4 6.796574584518965E-4 
 19 204.13478400447198 1 0.06622491218938817 0.004385738994492174 2.9044517979581974E-4 7.733153040038157E-4 
 20 207.5119453868814 1 0.06913578911790928 0.004779757336956024 3.304522952825713E-4 8.798861251989347E-4 
 21 210.5645515180354 1 0.07217485978125812 0.005209210384444271 3.75974029068339E-4 0.001001149251395164 
 22 213.3233211545066 1 0.07534775833046362 0.005677284685425949 4.277706744507165E-4 0.0011391295533336168 
 23 215.81602344838234 1 0.07866036437602007 0.006187452923768248 4.8670730154308115E-4 0.0012961312167745988 
 24 218.06775735518846 1 0.08211881511267026 0.006743499795508922 5.537682129197268E-4 0.0014747761946111834 
 25 220.1012042331651 1 0.08572951743129695 0.0073495501590030475 6.30073388468443E-4 0.0016780479755999218 
 26 221.93685617550517 1 0.08949916022410723 0.008010099680820417 7.168971947448167E-4 0.0019093413978300228 
 27 223.59322237339222 1 0.09343472702247628 0.00873004821376466 8.156896717461576E-4 0.002172519336832696 
 28 225.08701558705528 1 0.09754350906449259 0.009514736160614748 9.281007529291801E-4 0.0024719772136175956 
 29 226.43332060236006 1 0.1018331188626451 0.010369984097293604 0.001056007823183439 0.002812716398913857 
 30 227.6457463696711 1 0.10631150432559053 0.011302135951970053 0.0012015470751462764 0.0032004277387281867 
 31 228.73656335802548 1 0.11098696347791029 0.012318106062046993 0.001367149187625435 0.0036415865955319077 
 32 229.71682750940855 1 0.11586815981589237 0.013425430459121174 0.0015555799220346013 0.004143560991802131 
 33 230.59649204362867 1 0.12096413833416557 0.014632322762927145 0.001769986314844879 0.004714734661497941 
 34 231.38450824259695 1 0.12628434225651572 0.015947735099160802 0.0020139492374786714 0.0053646470640141605 
 35 232.08891623251907 1 0.13183863050382116 0.017381424493123084 0.0022915432013789214 0.00610415269838559 
 36 232.7169266824795 1 0.13763729593236748 0.018944025231574103 0.0026074044069484014 0.006945602377743419 
 37 233.2749942471533 1 0.14369108437659292 0.020647127729321146 0.0029668081726881763 0.007903049490631397 
 38 233.76898689200976 1 0.14983816080875556 0.022451474434550492 0.0033640876367178408 0.008961397996471035 
 39 234.20456952916805 1 0.1559233962669641 0.024312105503424716 0.003790826060494731 0.010098226500940277 
 40 234.58697047664367 1 0.16194740583730105 0.02622696225743149 0.004247388500583834 0.011314507705826047 
 41 234.9209320882358 1 0.1679107997417336 0.02819403666990856 0.00473408324519211 0.01261106284159788 
 42 235.21075678131177 1 0.17381418297688128 0.030211370203920767 0.0052511646286065835 0.013988569239434966 
 43 235.46034868276476 1 0.1796581551211604 0.03227705270153893 0.0057988357411069506 0.01544756759821203 
 44 235.67325131069722 1 0.1854433102355575 0.034389221311121224 0.006377251036357498 0.016988468962418117 
 45 235.85268166963036 1 0.19117023681807221 0.036546059445077814 0.006986518838882871 0.01861156142406188 
 46 236.0015611010469 1 0.19683951778988318 0.03874579576375373 0.007626703754522584 0.020317016559872836 
 47 236.12254319850487 1 0.20245173050086163 0.04098670318279351 0.008297828986881719 0.022104895614000045 
 48 236.21803906708413 1 0.2080074467472739 0.04326709790231999 0.00899987856282591 0.023975155435658074 
 49 236.29024018025729 1 0.21350723279741746 0.04558533845681061 0.00973279947004733 0.025927654180618837 
 50 236.34113906315255 1 0.21895164942259368 0.047939824784874366 0.01049650370967838 0.027962156785016914 
 51 236.37254800934352 1 0.2243412519317871 0.05032899731832157 0.011290870266863817 0.030078340219577115 
 52 236.38611601855575 1 0.229676590208994 0.05275133609003016 0.012115747002126772 0.03227579853205812 
 53 236.38334412481217 1 0.23495820875249523 0.05520535986018113 0.012970952466285058 0.03455404768542273 
 54 236.36559926838004 1 0.2401866467155867 0.05768962526047806 0.013856277641593029 0.03691253019898178 
 55 236.3341268502584 1 0.24536243794841955 0.060202725955992034 0.014771487611702803 0.0393506195995105 
 56 236.29006209471922 1 0.2504861110406942 0.06274329182429098 0.01571632316295803 0.041867624689100276 
 57 236.2344403334488 1 0.2555581893650125 0.0653099881515236 0.016690502319453793 0.044462793636281764 
 58 236.16820631401305 1 0.26057919112073785 0.06790151484513803 0.01769372181421884 0.04713531789673882 
 59 236.09222262557373 1 0.265549629378238 0.07051660566291956 0.01872565849879965 0.0498843359697207 
 60 236.00727732592796 1 0.27047001212341293 0.07315402745803913 0.019785970693452327 0.052708936996058026 
 61 235.91409084592536 1 0.27534084230242384 0.07581257943980824 0.02087429948007622 0.05560816420349174 
 62 235.81332224007036 1 0.28016261786655117 0.07849109244983918 0.02199026993995243 0.058581018204832025 
 63 235.70557484555468 1 0.2849358318171237 0.0811884282533162 0.023133492338283514 0.06162646015428309 
 64 235.59140140603506 1 0.28966097225046294 0.08390347884508347 0.024303563257463027 0.06474341476708707 
 65 235.47130871110136 1 0.29433852240280123 0.08663516577026432 0.025500066680941343 0.06793077320747237 
 66 235.3457617975251 1 0.29896896069513107 0.08938243945912683 0.02672257502949062 0.0711873958497206 
 67 235.21518775398482 1 0.30355276077795107 0.09214427857591599 0.02797065015161191 0.07451211491700524 
 68 235.07997916699196 1 0.30809039157587825 0.094919689381378 0.029243844269769483 0.07790373700249985 
 69 234.94049724214452 1 0.312582317332099 0.09770770510870505 0.030541700884080394 0.08136104547709962 
 70 234.79707463158323 1 0.317028997652635 0.10050738535263444 0.031863755635032825 0.08488280278795456 
 71 234.65001799558416 1 0.3214308875504012 0.10331781547143867 0.033209537126753105 0.08846775265186885 
 72 234.49961032355876 1 0.3257884374890395 0.10613810600154981 0.03457856771229096 0.09211462214748548 
 73 234.34611303732302 1 0.33010209342650904 0.1089673920845637 0.035970364242341686 0.09582212371003951 
 74 234.1897678973234 1 0.3343722968584191 0.11180483290637476 0.037384438778776286 0.09958895703233543 
 75 234.03079873053034 1 0.33859948486109226 0.11464961114819705 0.03882029927430406 0.10341381087547998 
 76 233.86941299693268 1 0.34278409013434447 0.11750093244923039 0.04027745021954651 0.10729536479277929 
 77 233.70580320994998 1 0.3469265410439743 0.12035802488073638 0.04175539325875847 0.11123229077009489 
 78 233.540148224623 1 0.3510272616639496 0.12322013843129094 0.04325362777538886 0.11522325478583649 
 79 233.37261440612028 1 0.35508667181828685 0.12608654450298776 0.044771651448634237 0.11926691829366445 
 80 233.20335668990603 1 0.3591051871226147 0.1289565354183681 0.04630896078209717 0.12336193963086636 
 81 233.032519543834 1 0.36308321902541546 0.13182942393785782 0.04786505160562358 0.12750697535526892 
 82 232.8602378414549 1 0.3670211748489408 0.13470454278749677 0.04943941955135648 0.13170068151345027 
 83 232.6866376549389 1 0.3709194578297973 0.13758124419675077 0.05103156050500774 0.13594171484292075 
 84 232.51183697521773 1 0.374778467159198 0.14045889944619805 0.05264097103331403 0.1402287339108477 
 85 232.33594636622527 1 0.37859859802287643 0.14333689842488756 0.05426714878860987 0.1445604001918082 
 86 232.15906955946025 1 0.38238024164066214 0.14621464919717117 0.05590959289141896 0.14893537908697235 
 87 231.98130399450523 1 0.3861237853057152 0.14909157757881403 0.05756780429193237 0.1533523408870298 
 88 231.8027413105964 1 0.38982961242341746 0.15196712672219187 0.059241286111212425 0.1578099616810955 
 89 231.62346779385757 1 0.3934981025499223 0.15484075671038916 0.060929543962932285 0.1623069242137518 
 90 231.4435647843707 1 0.3971296314303582 0.15771194416001214 0.06263208625643085 0.16684191869230472 
 91 231.2631090468584 1 0.4007245710366908 0.16058018183253983 0.06434842448183833 0.17141364354626565 
 92 231.08217310839837 1 0.4042832896052384 0.16344497825403306 0.06607807347799714 0.17602080614099075 
 93 230.900825566259 1 0.40780615167384615 0.16630585734303202 0.06782055168388154 0.1806621234473504 
 94 230.71913136865814 1 0.4112935181187154 0.16916235804647006 0.06957538137419046 0.1853363226692269 
 95 230.53715207097574 1 0.4147457461908927 0.1720140339834404 0.07134208887976756 0.19004214183058177 
 96 230.35494606971292 1 0.41816318955241677 0.17486045309665044 0.07312020479347611 0.1947783303237659 
 97 230.1725688162747 1 0.42154619831212553 0.17770119731140588 0.07490926416213604 0.19954364942069025 
 98 229.9900730124512 1 0.4248951190611255 0.180535862201968 0.07670880666510813 0.20433687274841497 
 99 229.80750878929902 1 0.4282102949079243 0.18336405666513148 0.07851837678008929 0.20915678673066104 
 100 229.6249238709612 1 0.43149206551322766 0.18618540260087155 0.08033752393666194 0.21400219099668988 
 101 229.44236372481876 1 0.43474076712440396 0.18899953459991523 0.08216580265812247 0.21887189875895044 
 102 229.25987169923422 1 0.4379567326096172 0.19180609963809175 0.08400277269209334 0.2237647371608381 
 103 229.07748915003 1 0.44114029149163086 0.19460475677732106 0.08584799913040533 0.22867954759586195 
 104 228.8952555567337 1 0.44429176998128445 0.19739517687310257 0.08770105251871944 0.23361518599947073 
 105 228.71320862952746 1 0.4474114910106456 0.200177042288369 0.08956150895634023 0.23857052311474228 
 106 228.5313844077483 1 0.45049977426583976 0.20295004661357258 0.0914289501866561 0.24354444473309692 
 107 228.34981735070778 1 0.45355693621955945 0.20571389439287352 0.09330296367862573 0.24853585191115082 
 108 228.16854042152463 1 0.4565832901632552 0.2084683008563033 0.09518314269971431 0.2535436611647866 
 109 227.98758516460137 1 0.4595791462390125 0.21121299165777965 0.09706908638067005 0.2585668046414802 
 110 227.80698177731443 1 0.462544811471114 0.21394770261884838 0.09896039977251318 0.2636042302718777 
 111 227.62675917643483 1 0.46548058979729323 0.21667217947803596 0.10085669389610115 0.26865490190158947 
 112 227.44694505974752 1 0.4683867820996792 0.21938617764569238 0.10275758578461443 0.27371779940412105 
 113 227.26756596329417 1 0.47126368623543613 0.2220894619642116 0.10466269851929903 0.2787919187758357 
 114 227.08864731462194 1 0.47411159706710093 0.22478180647351706 0.10657166125878718 0.28387627221380585 
 115 226.91021348239002 1 0.4769308064926191 0.22746299418170007 0.10848410926230415 0.2889698881773735 
 116 226.73228782264604 1 0.4797216034750853 0.23013281684070697 0.11039968390706206 0.29407181143422295 
 117 226.55489272206265 1 0.48248427407218786 0.23279107472696609 0.11231803270012466 0.2991811030917199 
 118 226.37804963839096 1 0.4852191014653604 0.2354375764268517 0.1142388092850191 0.3042968406142566 
 119 226.20177913836852 1 0.4879263659886451 0.23807213862688523 0.11616167344336105 0.309418117827309 
 120 226.02610093329477 1 0.49060634515726803 0.2406945859085724 0.11808629109174677 0.31454404490888466 
 121 225.85103391246784 1 0.49325931369593123 0.24330475054778108 0.12001233427415825 0.31967374836901585 
 122 225.67659617465978 1 0.4958855435668221 0.2459024723185626 0.12193948115011584 0.32480637101792365 
 123 225.33742102516752 31 1.7850566049699559 0.3036709024264933 0.12623465843811765 0.3362466516693207 
 124 224.63913455551145 63 3.2180890381529093 0.37019849044165914 0.1310229720387163 0.3490001822441491 
 125 223.57901849336443 95 4.714162675376137 0.4424755678893251 0.13620646260075026 0.3628057971613436 
 126 222.1489237544197 128 6.318969380161063 0.5228627090148804 0.14191841676985537 0.37801825989199306 
 127 220.33812866999267 161 7.994294064129786 0.6102404239314055 0.14815179718162785 0.3946184974214757 
 128 218.13280032205176 195 9.786075712598473 0.707073617614734 0.15505689505676856 0.4130064388980901 
 129 215.5159463417657 229 11.656437205136898 0.8123636582091116 0.16264649790141752 0.43321564819941466 
 130 212.4668193087601 264 13.651744644035018 0.9287133477801828 0.17109383654672647 0.45570692806722507 
 131 208.96319084884786 299 15.734256421905757 1.0552474992054977 0.1804360537769642 0.48057841391470973 
 132 205.0049914890931 332 17.80008623118659 1.186853474820651 0.19044725466311332 0.5072275405968194 
 133 200.54042555763266 368 20.108977684071377 1.3380693691549552 0.20200852109473275 0.5379996433093389 
 134 195.5304298975582 404 22.519199551706606 1.5026336640297304 0.2148952460917642 0.5722947781481547 
 135 189.9340223993396 441 25.078402186056145 1.6836118504883704 0.22937052687182216 0.6108113734282152 
 136 183.70923043792232 479 27.791946204117416 1.882376156158122 0.2456464402175939 0.6541111484503079 
 137 176.80852012709158 516 30.581574341089684 2.096905704124677 0.2638167738518139 0.7024396048701884 
 138 169.17996473346048 554 33.53717992361714 2.3323612837849104 0.2843042668813343 0.7569168119997564 
 139 160.76554291973756 593 36.66505282037719 2.5905323824933157 0.30742175009913864 0.8183677046448821 
 140 151.50278669706515 632 39.92958296474239 2.871587962377076 0.333449660249709 0.8875274194899163 
 141 141.32360296558423 672 43.379393994337086 3.17939094185193 0.36286446805153527 0.965647839134782 
 142 130.15513513804453 711 46.93720663618324 3.5126796163743936 0.3959737442707208 1.0535224858529455 
 143 117.91609559049245 752 50.73639497341516 3.879238295172225 0.43351851200785824 1.1530851768132504 
 144 104.53493439095337 791 54.57147257727508 4.268928007226202 0.47521104466224395 1.2635088459650003 
 145 89.9464424690691 833 58.745410601993235 4.704255808187723 0.5231449743972514 1.3902542961705173 
 146 74.02970359052881 874 63.05649607545877 5.176092181541142 0.5772653857779355 1.5329730861645527 
 147 56.730317165106015 914 67.49912653502903 5.686454166009648 0.6383091320902363 1.6931989828069585 
 148 38.05934678455014 955 72.12064860747304 6.236625692668842 0.7067838806570407 1.8711949328432265 
 149 18.26748452164325 996 76.98804910245154 6.839977894174125 0.7846028232889858 2.0678929028089654 
 150 1.4019678353907177 1039 82.02852732539209 7.480087575070028 0.8701694794412331 2.2260730373843636 
 151 0.8403579481416733 1081 86.77301005989494 8.08768076530646 0.953540884191121 2.20449523218985 
 152 0.7439792221050923 1125 91.2809749517524 8.648335057584084 1.0308348904962674 2.195780659890353 
 153 0.6741551066716638 1170 95.5142384956821 9.15732750266363 1.1009667600433382 2.1978505561761894 
 154 0.621449589281102 1214 99.4378712558207 9.618131443298903 1.1644197146492836 2.2080332582083546 
 155 0.5794922082740815 1259 103.2225112937986 10.045684467226346 1.2224946750698102 2.224894830923685 
 156 0.5470017594937903 1303 106.69003429050547 10.422214475187603 1.2731123745925297 2.2415318178854813 
 157 0.5189873548874829 1348 110.13079088164817 10.78534952134451 1.3211236105213573 2.2637452072190265 
 158 0.4942306594898342 1394 113.58264411157998 11.140338416430826 1.36700556551592 2.289581387019952 
 159 0.47337129674400275 1437 116.78983514183321 11.468735552607363 1.4093098534514572 2.314697229645356 
 160 0.456011373832477 1477 119.73448629463513 11.764746143722292 1.4468824438931376 2.336505764175437 
 161 0.4397495121787022 1518 122.74607804811909 12.064937325134546 1.4844010170983741 2.3614817102132397 
 162 0.42490341593328607 1561 125.77599073132626 12.35615537327789 1.5199076622581582 2.386013670814403 
 163 0.4121055925246023 1599 128.5247169626417 12.626020498031618 1.5529731176362613 2.4087919087557412 
 164 0.40037405579095936 1637 131.22502976330145 12.885928267680596 1.5842333384049345 2.430737545034272 
 165 0.3901142421578897 1674 133.8284815421653 13.133856493174596 1.613666137474395 2.4516028555373715 
 166 0.3804374448635003 1711 136.37977765426558 13.372129833072234 1.6414486839908613 2.4715472976357358 
 167 0.3722232293075814 1745 138.70564992299063 13.590131005351655 1.666920145162682 2.489531759786646 
 168 0.36437331504212533 1779 141.0349004109188 13.805393281676471 1.691470656487877 2.507453969263436 
 169 0.35737421776309153 1811 143.23654613234854 14.009081131287017 1.7145106590013386 2.524256556339281 
 170 0.3551131827020613 1843 145.39641823508535 14.205112402381456 1.7362641938381576 2.540338761259868 
 171 0.4523737106162522 1875 147.51703460509407 14.393921714304522 1.7568073130402553 2.55694075217088 
 172 0.9181859510766289 1903 149.3581140261105 14.557005502057368 1.7743927644172683 2.5719176228732787 
 173 0.9901762468723898 1931 151.22201596855152 14.723363245085517 1.7921788989452565 2.5857833114422513 
 174 0.9993696084936963 1956 152.92740486345107 14.878687396797805 1.8088156530321304 2.5998129210178065 
 175 0.9993696084936963 1981 154.62138441621934 15.03113976183859 1.8249115674489294 2.6158508811880594 
 176 0.9993696084936963 2006 156.30007165689284 15.181036986015451 1.8406317192768005 2.6332702803568564 
 177 0.9993696084936963 2027 157.68393025533328 15.306403637415514 1.854143750444552 2.6488296878730084 
 178 0.9993696084936963 2051 159.31761520227397 15.453150339022681 1.8695465393999233 2.668004613645262 
 179 0.9993696084936963 2073 160.8662160661599 15.596094977465171 1.8847898381569967 2.687578284746349 
 180 0.9993696084936963 2094 162.37237297122746 15.73719466021244 1.899990423636074 2.707555959796396 
 181 0.9993696084936963 2113 163.7202211088539 15.863931737535625 1.913812766881464 2.7259253207078302 
 182 0.9993696084936963 2132 165.1374694564287 16.001144351438935 1.9289563211027108 2.7464254357666276 
 183 0.9993696084936963 2150 166.52035673515044 16.13740383763448 1.9441572208293019 2.7671922583297714 
 184 0.9993696084936963 2167 167.85832401504476 16.271803121882144 1.959360629385395 2.788121136786815 
 185 0.9993696084936963 2184 169.16854497298644 16.402971496419617 1.97434303461353 2.808862920039039 
 186 0.9993696084936963 2198 170.33899932504642 16.52683967361011 1.988938505582376 2.8291412017176323 
 187 0.9993696084936963 2213 171.58501903009903 16.65725433080255 2.0041979034444872 2.850447003179593 
 188 0.9993696084936963 2227 172.68255220669698 16.76374385762545 2.0156431714205674 2.866397297487087 
 189 0.9993696084936963 2241 173.8954250901312 16.893585706243627 2.031072099278595 2.888061314225423 
 190 0.9993696084936963 2253 174.96028642452723 17.009558003470403 2.0450810447240353 2.9077485985294462 
 191 0.9993696084936963 2266 176.1113067774556 17.135062806302457 2.060304462935455 2.9291978079280283 
 192 0.9993696084936963 2278 177.1506667894275 17.248593565639773 2.0743338650570355 2.9489823588171893 
 193 0.9993696084936963 2289 178.23900256520722 17.373783260536985 2.089877900053323 2.9709449325603177 
 194 0.9993696084936963 2300 179.31030809955521 17.49635353958937 2.1051864851223225 2.9925935487622755 
 195 0.9993696084936963 2310 180.3636329485023 17.62073954420938 2.120867246648706 3.0147855399606183 
 196 0.9993696084936963 2321 181.47513452902464 17.748582726339716 2.1368122015435493 3.0373686155472446 
 197 0.9993696084936963 2331 182.4694263387062 17.86192812351136 2.1509988098996646 3.057463013322273 
 198 0.9993696084936963 2340 183.4837130267819 17.985090292494657 2.166820226446563 3.079896689703161 
 199 0.9993696084936963 2350 184.5520128251055 18.111396442654 2.182884206119117 3.1026827600300275 
 200 0.9993696084936963 2358 185.50706603440193 18.23045681404901 2.198479788388259 3.124808709964362 
 201 0.9993696084936963 2366 186.37398166747346 18.32815464520308 2.210013838512666 3.141170798820873 
 202 0.9993696084936963 2376 187.45894376870095 18.456366677361867 2.226366438725641 3.164385644193286 
 203 0.9993696084936963 2385 188.50486948267158 18.583221766321603 2.242726047595499 3.187611494224055 
 204 0.9993696084936963 2390 189.22890246052935 18.673893945767144 2.2539543579886616 3.203548659661662 
 205 0.9993696084936963 2398 190.23241014915936 18.799177681016303 2.270340035597123 3.2268178596044534 
 206 0.9993696084936963 2407 191.28282132020652 18.92679909505178 2.2868859335958387 3.2503178234855215 
 207 0.9993696084936963 2414 192.2471764928972 19.050846128632962 2.303326587800358 3.273669634714406 
 208 0.9993696084936963 2420 193.15973782964667 19.172340627171405 2.319680785102335 3.2969005117997296 
 209 0.9993696084936963 2426 194.02079926846034 19.28573727457588 2.3350681683762415 3.318757717761187 
 210 0.9993696084936963 2434 195.03582263766015 19.412669028453415 2.3517762323500127 3.342494339695988 
 211 0.9993696084936963 2440 195.95327724682295 19.53481063921623 2.3682757479709227 3.3659347714824936 
 212 0.9993696084936963 2445 196.82207745473673 19.65451055240377 2.384673085717224 3.389229927441566 
 213 0.9993696084936963 2451 197.632307469042 19.752330229848038 2.3967443084583326 3.4063791330377797 
 214 0.9993696084936963 2458 198.61166581488112 19.878507321280125 2.413576211927619 3.4302937813934875 
 215 0.9993696084936963 2465 199.59250334148678 20.004944165520026 2.430458404763589 3.4542798749407995 
 216 0.9993696084936963 2470 200.46791271856134 20.125617390237093 2.4470346374004817 3.477831651947394 
 217 0.9993696084936963 2476 201.27362389424945 20.22095155882001 2.4583991605244178 3.493977480515622 
 218 0.9993696084936963 2482 202.21723201047632 20.3463707078113 2.47533623145487 3.518043270003592 
 219 0.9993696084936963 2484 202.94750704753326 20.45931809519602 2.491483863096595 3.5409858155255294 
 220 0.9993696084936963 2486 203.66702832075185 20.572140385107236 2.507738054430618 3.5640790343668627 
 221 0.9993696084936963 2492 204.61272181099804 20.698062674131286 2.524783190348178 3.588297860946093 
 222 0.9993696084936963 2494 205.33631666715343 20.811432750421854 2.5411221863007647 3.611512509413717 
 223 0.9993696084936963 2497 206.03972520975145 20.911932462075647 2.555009081530099 3.631242225667436 
 224 0.9993696084936963 2502 206.94668614887024 21.03665343898265 2.572073467408613 3.655488032089274 
 225 0.9993696084936963 2505 207.7539646801345 21.156485400838374 2.5889140798197996 3.679415960107155 
 226 0.9993696084936963 2508 208.4825036584611 21.262386875318178 2.603779310007604 3.7005359075590887 
 227 0.9993696084936963 2513 209.39181235732153 21.38762095017859 2.6209305612626355 3.7249051140532625 
 228 0.9993696084936963 2516 210.11806305126052 21.49090897118605 2.6351157886121515 3.7450595819791253 
 229 0.9993696084936963 2520 210.95677490598786 21.611253517293168 2.651938643512769 3.7689617808700624 
 230 0.9993696084936963 2522 211.59666400003624 21.70088439314378 2.6633256415842546 3.7851394724256715 
 231 0.9993696084936963 2526 212.46815606028755 21.825112176479486 2.680506799807796 3.8095508776049267 
 232 0.9993696084936963 2530 213.34059049382157 21.94955149657979 2.697720073288702 3.8340075154894038 
 233 0.9993696084936963 2534 214.214000229083 22.074205990700023 2.714965262626957 3.858509974570236 
 234 0.9993696084936963 2535 214.88175748074707 22.184839673119146 2.7312607381198264 3.8816625374843206 
 235 0.9993696084936963 2537 215.65343378876616 22.304305960216137 2.7482512701254844 3.90580342130148 
 236 0.9993696084936963 2538 216.2249615202567 22.39530379559938 2.7613663275281666 3.924435811361168 
 237 0.9993696084936963 2541 217.05296164993763 22.518263218881753 2.778586109917869 3.9489022108442384 
 238 0.9993696084936963 2542 217.7999145276761 22.638092084960764 2.7957002665977497 3.973218590277585 
 239 0.9993696084936963 2544 218.57222119426055 22.757999970245887 2.812762904375102 3.997461867922394 
 240 0.9993696084936963 2545 219.29196282096956 22.874741779881163 2.8296113792173303 4.02140061816399 
 241 0.9993696084936963 2546 219.96367159374307 22.98408658483271 2.8455331711146443 4.044021886296219 
 242 0.9993696084936963 2548 220.73056094394258 23.10355453965251 2.862571556264544 4.068229949922199 
 243 0.9993696084936963 2550 221.4116430122546 23.20377391359104 2.876197671648655 4.087590032753704 
 244 0.9993696084936963 2553 222.24891364420318 23.328359960719727 2.893607227113021 4.1123259916748145 
 245 0.9993696084936963 2554 222.96650149707014 23.44590062781978 2.9106083232029434 4.1364814109683765 
 246 0.9993696084936963 2556 223.76378038226258 23.569165321542254 2.9280007862834054 4.161193377538969 
 247 0.9993696084936963 2558 224.5511126166749 23.691650373795575 2.9453527020786314 4.185847464597644 
 248 0.9993696084936963 2557 225.09273943193406 23.79157754180553 2.9604540162494715 4.207302626996751 
 249 0.9993696084936963 2557 225.71926497655141 23.899889444776353 2.976449808677915 4.230028406197522 
 250 0.9993696084936963 2558 226.40490308648083 24.01102421232313 2.992490947533504 4.252819520408497 
